<?xml version="1.0"?>
<opencv_storage>
<K type_id="opencv-matrix">
  <rows>3</rows>
  <cols>3</cols>
  <dt>d</dt>
  <data>
    1.1922881513599009e+03 0. 9.7529490346115131e+02 0.
    1.1304107807455409e+03 6.5043227402627519e+02 0. 0. 1.</data></K>
<D type_id="opencv-matrix">
  <rows>1</rows>
  <cols>5</cols>
  <dt>d</dt>
  <data>
    -1.1291499227476819e-01 7.9017605463234519e-01
    -3.5320900378921155e-03 5.2846842515084334e-03
    -1.2200218569514554e+00</data></D>
</opencv_storage>
