%YAML:1.0
---
K: !!opencv-matrix
   rows: 3
   cols: 3
   dt: d
   data: [ 8.1463306188802255e+02, 0., 6.1978067124271672e+02, 0.,
       8.1561881834440885e+02, 3.3640569252163920e+02, 0., 0., 1. ]
D: !!opencv-matrix
   rows: 1
   cols: 5
   dt: d
   data: [ -1.1291373816466742e-02, 4.5362500381563059e-01,
       -6.1881622978179904e-03, -2.2866275561493270e-03,
       -9.5845164324573418e-01 ]
